89  8
53  3
27  0
84  7
76  6
39  6
26  3
30  4
99  9
57  7
89  4
88  0
52  0
14  3
31  6
82  9
93  5
88  9
01  8
54  2
73  3
19  1
58  0
06  3
48  2
26  7
97  4
58  7
48  8
48  1
34  2
74  5
09  6
77  3
61  1
51  7
91  5
23  6
87  3
71  4
56  4
47  8
01  0
50  1
46  5
71  5
15  5
19  3
31  9
98  1
36  7
23  4
83  3
65  6
46  1
73  6
77  9
57  3
16  1
74  6
65  1
08  0
48  0
35  1
45  7
44  5
41  7
69  9
20  2
11  6
31  8
94  1
10  4
75  6
80  7
17  4
37  0
04  9
99  7
88  8
12  9
51  4
19  6
52  6
26  1
42  9
58  9
07  0
81  7
52  0
89  5
91  2
42  6
68  5
56  9
90  1
22  2
00  6
88  3
83  8
75  2
09  8
40  7
68  8
25  4
99  5
89  4
24  2
96  3
19  6
37  3
81  8
92  6
74  9
21  1
86  9
04  7
54  6
77  0
17  3
34  8
45  1
48  4
10  8
66  0
98  1
98  2
88  7
63  1
45  7
67  3
30  5
07  4
17  9
65  2
37  2
93  0
24  0
75  0
99  9
62  9
41  4
94  9
91  4
29  7
40  9
03  4
83  0
02  9
43  0
22  8
15  4
81  7
35  8
43  8
92  6
78  4
38  4
59  8
21  7
77  4
37  2
39  6
08  6
22  8
98  6
37  7
64  4
46  7
50  2
39  6
91  8
42  3
92  9
46  4
65  9
54  2
51  6
88  2
61  9
61  7
98  2
61  8
48  6
25  6
46  8
07  7
90  6
64  4
17  8
82  4
93  4
03  5
14  3
56  0
07  0
73  5
63  0
93  8
13  8
26  5
40  3
59  5
89  9
97  9
50  9
31  9
62  5
90  0
08  4
20  6
53  9
45  1
01  5
30  6
86  3
73  1
36  9
57  7
65  1
91  7
96  6
27  9
00  4
18  2
01  9
31  8
35  4
86  9
50  1
46  4
49  4
02  8
03  2
60  7
05  2
23  2
81  9
16  9
81  2
72  3
28  9
41  9
46  8
81  6
43  8
35  3
69  4
21  0
03  9
70  0
70  7
43  3
27  0
05  8
53  9
65  4
63  0
23  6
59  4
33  3
34  4
57  7
59  0
02  7
54  1
02  1
91  5
12  0
40  1
39  2
63  2
06  6
61  9
70  6
02  1
11  8
99  4
78  7
99  4
21  5
69  4
42  1
87  0
05  2
30  3
24  5
43  1
83  8
90  0
96  7
55  2
71  9
09  3
33  4
23  4
69  8
41  5
42  7
04  6
49  7
98  1
02  4
41  7
78  9
18  4
60  0
32  7
79  2
59  7
63  1
24  4
50  1
94  8
88  4
69  0
98  4
96  6
12  6
00  4
65  7
66  3
47  6
71  5
60  5
43  0
39  0
73  5
42  4
22  2
37  8
88  0
14  7
54  9
53  9
49  5
20  9
08  7
27  4
31  6
01  7
84  7
36  7
08  3
88  9
10  1
24  7
02  9
10  0
09  1
00  4
78  4
36  2
24  1
49  6
55  0
19  8
30  0
89  1
53  5
16  5
26  5
92  2
03  9
13  7
46  0
83  9
59  8
27  3
85  4
83  3
78  8
87  5
29  8
04  9
41  6
53  7
14  5
73  4
59  0
35  7
05  6
03  3
73  8
45  7
45  6
72  5
76  8
35  3
61  4
47  0
49  4
69  9
65  7
57  4
59  7
79  9
71  4
69  7
13  3
66  1
40  7
72  9
22  5
14  0
64  4
09  9
92  2
79  4
55  1
77  9
05  9
02  2
80  4
41  1
38  4
26  7
98  4
64  9
88  6
80  5
41  8
00  6
09  2
26  8
03  5
64  5
62  5
20  2
60  9
18  9
03  3
13  2
22  8
74  9
20  8
68  3
85  9
16  7
21  0
74  8
23  1
21  2
32  0
03  4
82  5
67  6
70  5
79  7
74  3
99  4
30  7
72  6
68  8
90  4
39  7
19  2
61  3
74  5
59  1
38  1
72  2
96  6
74  0
02  5
32  9
19  8
11  9
97  8
31  3
20  5
32  6
80  9
91  6
02  5
72  7
65  6
38  9
63  7
06  7
83  3
91  7
60  8
19  6
91  4
34  6
86  8
86  6
02  3
09  6
97  5
86  0
08  8
20  9
63  8
10  6
80  0
31  2
57  2
53  3
0 1  1
4 4  1
9 3  4
2 1  2
2 1  2
5 8  5
7 4  3
3 1  0
4 4  6
4 1  0
6 6  7
6 9  5
2 7  3
7 8  9
9 6  8
8 8  4
8 4  0
5 2  2
3 9  0
7 2  4
2 8  2
2 1  9
1 5  4
2 0  2
7 3  3
4 1  3
2 4  8
3 4  5
8 4  8
6 3  4
5 3  0
4 4  4
9 9  9
1 9  5
5 6  1
7 6  0
8 4  3
5 1  6
3 7  3
6 3  0
2 3  0
6 9  1
3 9  2
3 9  6
7 2  1
0 5  8
5 5  6
0 1  9
5 9  2
8 1  3
1 5  3
4 3  9
0 1  9
8 1  9
5 8  3
9 9  1
4 9  7
3 8  9
2 5  2
3 7  2
2 2  4
7 6  4
4 3  6
9 2  2
8 6  3
4 7  6
5 4  3
2 2  4
0 2  8
3 1  8
7 4  4
7 7  5
4 5  5
9 1  9
0 2  7
3 1  3
7 7  6
9 1  9
3 1  9
7 1  1
3 9  9
4 9  4
9 0  6
2 2  9
4 8  3
3 4  7
6 7  8
8 4  1
1 0  2
1 7  0
4 7  0
9 1  5
7 2  6
7 5  2
6 6  6
9 0  0
2 1  4
0 9  7
1 7  8
2 3  6
3 1  5
7 1  8
8 9  7
5 4  2
4 8  3
5 2  8
6 1  4
9 4  7
9 3  8
6 7  7
8 0  9
1 9  3
6 3  5
4 5  3
2 8  4
8 3  4
5 5  4
8 1  0
8 8  4
6 3  5
6 0  7
7 0  1
0 7  8
3 2  9
6 8  2
7 2  3
9 1  9
9 6  2
3 1  8
3 5  2
2 5  9
4 9  5
2 3  9
3 0  4
5 0  9
3 0  6
0 7  4
7 1  2
6 9  8
5 7  6
1 9  9
3 9  8
7 9  7
2 8  4
9 5  8
2 4  0
8 2  8
4 3  6
5 6  4
9 5  8
5 8  4
1 5  8
8 6  1
7 6  6
8 2  5
9 6  3
2 4  5
1 9  7
1 3  6
8 5  3
1 7  3
1 7  3
1 9  8
0 2  7
7 2  9
1 0  6
9 0  6
6 1  3
4 7  9
7 9  5
8 0  3
6 1  8
9 4  6
8 5  6
2 1  0
4 4  0
4 5  9
1 6  0
1 6  6
8 1  1
2 0  9
5 9  7
6 4  4
0 7  4
5 6  5
8 3  2
9 9  8
3 8  2
4 3  1
9 0  0
6 0  9
7 9  1
0 0  7
0 3  8
9 5  7
1 0  8
6 0  2
2 0  2
5 3  2
7 6  9
0 2  2
1 0  5
1 3  0
3 1  6
0 6  5
1 0  5
6 3  1
5 3  9
8 0  3
0 3  8
8 2  8
4 2  7
7 7  0
7 9  2
6 4  4
0 3  9
6 8  7
3 0  6
8 3  5
5 4  1
5 5  0
7 7  6
6 9  0
1 8  8
5 1  0
3 1  8
9 0  7
8 0  7
5 6  4
7 0  7
2 8  7
4 4  4
6 7  7
8 1  3
3 9  4
2 0  8
8 9  7
8 4  6
4 8  7
0 7  8
7 9  4
5 6  3
7 1  0
5 0  1
0 9  7
8 4  4
6 2  0
8 4  4
9 2  3
4 1  6
0 6  9
1 3  7
1 5  4
7 0  2
1 2  0
8 8  3
2 4  4
3 6  4
4 9  8
9 1  0
9 3  4
8 5  4
2 7  7
1 2  8
1 7  2
4 7  9
9 4  4
5 2  7
5 3  4
5 9  1
5 2  5
0 2  2
4 6  2
5 1  9
4 7  4
3 5  9
8 5  3
4 3  3
9 8  2
8 8  4
6 1  6
2 2  9
8 2  6
1 8  3
6 1  7
4 7  0
3 2  9
2 8  5
9 6  3
3 4  7
4 9  9
9 4  3
1 5  7
6 0  2
4 0  2
6 2  1
8 4  8
4 8  4
1 1  9
4 2  4
7 4  3
5 3  0
1 6  4
2 7  3
0 4  4
7 8  4
9 3  5
4 5  9
5 0  6
1 1  7
0 6  1
6 8  8
1 2  6
4 9  2
0 1  4
8 7  4
9 3  6
4 7  9
7 2  1
5 9  3
1 0  7
0 3  6
5 6  3
3 3  4
3 8  7
5 3  2
3 6  8
3 7  9
9 3  6
3 2  0
9 6  2
5 1  3
5 3  7
8 0  7
7 5  1
9 3  6
3 7  7
7 8  2
7 3  1
8 8  2
2 2  1
8 3  6
1 4  2
0 4  2
3 5  6
6 0  8
9 6  6
1 2  6
6 7  5
9 2  6
2 4  1
5 8  9
7 2  9
5 1  2
2 7  4
8 6  0
2 7  5
4 4  2
6 3  9
6 6  2
3 3  0
8 3  7
3 8  6
4 7  4
8 9  7
1 3  3
8 8  9
3 1  7
1 0  2
6 9  2
5 4  8
2 6  6
7 4  6
6 0  0
1 7  4
0 8  2
3 9  0
8 5  2
5 6  6
6 0  4
7 0  2
8 4  5
3 2  6
5 4  0
4 6  5
6 6  0
6 4  6
0 1  6
8 9  7
8 8  7
4 5  8
8 2  1
4 7  8
8 8  3
6 8  7
3 4  6
5 3  5
7 3  1
1 8  3
5 2  8
3 1  0
2 6  0
4 5  8
6 5  5
8 5  5
4 2  3
7 4  5
3 3  3
5 1  3
2 1  8
5 7  0
1 6  5
5 8  0
0 3  6
9 1  3
9 4  3
1 5  0
6 9  3
0 4  4
9 3  4
8 4  0
3 6  5
6 2  3
0 6  1
1 2  3
4 4  6
4 9  2
1 2  6
2 8  0
5 2  1
6 4  6
6 0  5
2 9  0
5 9  3
8 4  5
2 1  0
8 6  8
8 6  0
2 9  7
0 8  7
5 1  0
6 6  3
0 3  2
2 5  7
0 2  6
0 6  8
7 1  2
9 5  9
4 8  0
1 1  0
9 2  9
8 6  3
5 9  5
9 8  0
2 6  4
3 8  3
7 2  1
6 2  0
3 8  0
8 9  8
2 5  9
2 3  7
6 2  1
2 9  6
2 0  6
8 0  3
6 4  4
2 3  7
9 5  0
2 5  2
7 0  2
6 6  5
9 0  2
3 6  9
6 8  0
3 9  9
6 6  7
6 6  9
3 7  8
3 2  5
7 5  0
4 5  8
3 3  6
2 2  1
6 1  3
7 8  3
6 4  9
1 3  3
7 0  4
9 1  4
3 0  1
2 4  6
5 3  4
8 5  5
4 4  0
8 6  7
8 4  1
5 7  1
9 5  3
9 3  5
4 2  5
0 9  6
9 0  6
3 2  7
1 2  4
8 7  1
3 7  9
5 6  2
1 5  0
2 2  8
0 1  7
7 0  6
5 7  4
9 1  4
8 7  3
5 1  3
8 9  8
4 7  4
1 9  8
2 3  6
6 7  5
7 2  6
1 4  5
9 8  2
0 4  5
8 8  5
4 0  4
0 2  4
0 1  0
6 6  0
2 2  1
8 5  4
5 4  2
2 7  7
2 1  8
5 4  0
2 6  0
8 7  3
8 5  0
3 3  8
2 5  4
8 8  5
8 6  1
8 9  7
5 9  2
4 9  4
4 3  2
5 8  5
3 2  7
4 4  9
6 1  5
2 9  6
1 3  3
6 3  4
5 4  9
6 0  6
7 9  6
0 7  1
6 0  3
8 5  2
2 2  9
5 5  7
5 4  2
3 1  0
7 4  1
0 4  6
0 9  0
1 7  4
5 6  3
3 0  5
3 9  8
6 7  0
0 7  8
2 8  4
2 2  5
5 8  4
2 3  3
0 1  8
9 7  7
6 0  9
6 0  3
3 4  7
2 0  8
6 1  4
2 9  6
1 6  7
4 3  4
6 1  1
9 2  9
1 0  4
2 8  6
4 2  6
1 0  5
8 5  2
4 5  1
3 3  2
4 2  4
6 2  3
1 2  1
0 9  1
0 7  9
7 8  7
2 1  5
5 5  0
9 5  5
0 9  5
3 1  1
9 5  5
6 0  3
8 4  4
0 1  0
6 9  8
7 0  2
0 0  3
8 5  3
1 5  7
9 4  1
8 3  4
2 6  1
8 0  2
6 5  8
3 5  2
4 6  5
5 4  8
3 4  6
6 0  2
1 0  4
7 8  6
9 7  8
4 1  4
9 5  0
5 0  8
1 0  0
4 2  4
4 8  0
9 4  2
5 6  1
7 8  7
3 6  6
9 3  6
4 7  7
1 0  0
2 4  0
0 5  9
6 1  6
7 2  5
6 0  5
9 5  3
2 2  2
8 2  2
9 6  6
4 6  4
4 8  5
5 1  6
8 5  3
3 6  4
8 2  8
2 5  8
4 8  1
7 2  3
4 9  8
1 3  6
4 0  7
1 0  7
8 6  3
2 7  2
6 0  9
8 3  5
1 5  4
1 0  3
0 1  2
7 7  2
6 4  3
0 6  9
8 1  0
1 2  6
2 7  3
5 5  9
3 2  8
6 0  8
5 2  0
2 6  0
2 3  5
1 2  8
7 9  6
2 0  6
7 5  7
6 1  5
4 6  8
9 3  2
7 7  1
3 1  9
0 5  5
0 8  2
9 3  3
4 7  7
9 7  8
4 5  7
6 7  5
4 9  2
7 8  1
0 6  3
3 5  6
9 8  5
7 4  6
5 3  3
3 6  9
5 1  7
6 6  8
4 2  6
9 4  7
5 0  1
4 5  5
6 3  3
9 1  0
7 1  2
3 3  5
5 2  8
0 4  8
6 5  5
4 6  9
0 0  3
8 1  2
6 2  2
4 7  4
8 3  5
6 0  8
2 1  5
3 9  5
0 9  8
1 7  4
6 6  6
0 4  0
0 6  7
7 8  3
1 0  6
0 9  9
9 9  7
3 1  2
5 0  6
8 3  3
8 4  3
5 1  8
2 8  2
9 9  4
9 5  7
7 4  0
8 7  7
3 1  6
9 5  8
7 3  3
9 0  3
0 5  0
1 2  3
5 3  4
2 4  8
6 2  5
9 3  8
1 0  8
5 5  4
3 6  5
0 4  5
0 0  5
0 1  7
2 1  6
7 1  2
0 3  6
2 7  4
7 9  4
7 4  4
9 0  4
3 3  7
6 7  8
1 0  2
9 4  5
1 0  0
5 8  0
8 5  8
4 1  1
7 2  9
6 0  5
0 9  8
1 5  6
1 7  0
6 8  7
9 3  7
1 9  5
9 5  1
1 9  1
3 5  6
4 9  8
8 2  2
4 0  8
0 4  9
4 1  7
9 8  4
3 7  0
0 0  2
7 0  7
0 4  6
6 6  1
5 4  8
1 9  7
7 3  8
3 1  2
0 5  5
9 9  2
5 6  5
1 1  1
7 0  5
5 5  2
2 2  0
7 9  1
3 1  5
5 0  8
6 4  0
7 5  9
6 0  3
2 2  5
8 9  6
9 1  2
4 9  5
3 5  0
7 3  7
9 1  2
6 9  8
1 1  1
3 3  3
3 4  7
1 2  5
4 3  3
6 4  5
2 8  2
5 2  2
3 9  1
2 8  6
7 9  4
3 7  9
5 9  2
8 9  3
4 2  6
4 6  5
6 8  0
5 8  9
0 4  3
2 6  1
5 6  6
6 5  6
5 5  8
2 6  9
5 0  8
2 5  9
5 6  6
7 1  8
8 1  5
1 4  7
0 1  9
2 3  3
0 9  1
2 7  0
0 8  4
4 1  7
0 6  8
1 9  6
3 1  9
6 2  2
5 5  3
5 4  8
5 0  3
1 7  3
5 5  5
8 2  8
5 5  1
0 4  5
3 3  2
6 7  6
0 3  4
8 2  7
0 9  0
5 4  9
9 2  0
3 3  3
3 1  7
6 4  2
0 9  4
2 9  4
7 0  5
7 9  3
0 8  2
9 9  4
7 2  7
7 3  0
2 9  4
1 8  9
3 3  4
4 9  6
1 9  0
1 6  8
9 8  6
1 0  8
2 2  2
7 4  9
1 0  8
6 9  0
0 5  9
6 8  2
8 3  5
9 6  2
3 3  4
2 6  5
3 3  9
3 2  9
1 4  1
9 1  0
2 4  5
0 1  1
8 0  8
0 0  5
8 2  4
2 6  4
1 3  3
0 8  7
6 2  1
6 6  8
5 6  8
5 6  0
9 8  5
6 3  1
6 7  7
8 7  1
4 3  6
4 2  7
3 5  8
6 1  6
8 0  4
3 0  3
7 6  5
4 5  6
2 9  8
4 7  0
0 0  6
8 3  8
1 5  8
2 3  3
6 4  8
5 8  5
3 9  2
9 2  5
1 6  2
1 2  6
0 7  6
8 3  0
0 1  6
6 7  3
9 7  5
7 3  0
5 8  1
9 7  9
3 0  2
1 4  6
9 0  9
9 4  6
3 4  1
0 4  9
2 8  5
4 5  5
6 1  6
8 8  2
0 0  3
9 3  0
3 7  8
8 8  9
0 5  3
1 0  1
6 2  4
5 9  7
6 9  7
8 8  8
8 6  4
3 4  7
0 8  9
9 9  1
2 1  8
4 8  6
6 2  4
5 2  1
6 6  3
9 9  4
6 9  8
8 3  0
4 7  7
4 0  7
7 0  1
2 4  2
0 2  5
9 6  8
2 5  5
0 5  2
4 2  1
1 9  4
5 2  5
4 3  7
7 6  4
0 0  1
1 6  6
5 1  9
1 0  1
8 0  6
3 6  6
2 3  0
0 3  5
1 8  5
4 1  7
7 8  9
8 6  3
6 2  1
4 7  1
4 9  2
1 8  4
5 3  7
5 7  8
2 5  4
9 1  8
2 5  0
9 6  5
6 5  6
7 6  9
5 5  0
2 0  1
1 5  0
6 0  8
6 9  0
0 7  1
1 3  9
6 1  0
9 3  0
7 0  8
6 9  3
3 1  4
5 9  4
5 6  3
8 0  0
4 1  3
7 9  7
0 2  4
4 1  0
4 4  0
2 2  7
9 3  0
4 7  3
3 6  7
6 3  3
0 7  0
6 0  5
3 5  2
7 4  0
3 8  1
6 2  6
8 6  4
6 4  5
4 2  6
1 4  6
1 3  1
6 8  8
6 8  7
1 8  9
4 4  9
2 2  1
7 7  7
4 1  8
7 4  0
2 4  8
1 0  1
2 4  6
1 3  4
0 4  2
4 7  0
5 6  9
8 6  7
4 3  8
2 2  4
3 6  6
7 3  6
4 6  2
4 3  4
6 3  0
3 8  2
3 9  5
0 8  5
3 5  5
3 0  0
2 3  2
1 5  0
5 5  2
5 7  6
4 6  4
9 5  7
2 9  7
1 6  1
7 4  0
5 0  0
4 9  8
0 0  1
9 2  2
2 3  3
4 7  0
3 6  6
1 1  5
4 2  6
6 7  9
0 5  4
5 8  7
4 0  4
8 7  1
2 3  3
7 9  3
7 7  9
4 9  9
0 9  1
3 9  0
3 1  6
9 3  2
3 8  3
1 9  7
9 1  8
4 3  9
2 8  8
1 3  3
5 9  4
4 9  0
1 2  1
7 9  0
0 7  5
9 9  3
0 9  6
9 9  2
9 3  8
2 7  3
0 6  7
6 6  0
0 2  8
2 7  4
5 6  0
9 0  2
5 2  4
6 3  8
1 8  2
6 2  5
2 9  6
8 8  1
6 1  1
2 3  4
2 3  9
4 6  6
6 8  1
2 8  7
0 1  2
8 5  3
8 2  3
6 0  8
4 5  9
4 0  3
6 0  7
8 8  5
5 7  5
5 0  1
1 2  2
5 2  3
5 3  2
0 6  1
5 5  9
1 3  7
1 6  8
3 3  8
7 7  8
1 5  5
8 2  7
3 8  2
1 2  0
1 8  5
2 8  7
0 6  5
2 3  7
3 8  5
3 2  8
8 0  8
1 7  4
0 7  1
5 8  9
4 2  4
6 8  8
8 5  8
1 4  4
6 4  5
5 1  8
5 7  4
6 7  6
2 2  9
3 9  1
2 6  4
5 0  0
4 9  8
0 0  1
9 2  2
2 3  3
4 7  0
3 6  6
1 1  5
4 2  6
6 7  9
0 5  4
5 8  7
4 0  4
8 7  1
2 3  3
7 9  3
7 7  9
4 9  9
0 9  1
3 9  0
3 1  6
9 3  2
3 8  3
1 9  7
9 1  8
4 3  9
2 8  8
1 3  3
5 9  4
4 9  0
1 2  1
7 9  0
0 7  5
9 9  3
0 9  6
9 9  2
9 3  8
2 7  3
0 6  7
6 6  0
0 2  8
2 7  4
5 6  0
9 0  2
5 2  4
6 3  8
1 8  2
6 2  5
2 9  6
8 8  1
6 1  1
2 3  4
2 3  9
4 6  6
6 8  1
2 8  7
0 1  2
8 5  3
8 2  3
6 0  8
4 5  9
4 0  3
6 0  7
8 8  5
5 7  5
5 0  1
1 2  2
5 2  3
5 3  2
0 6  1
5 5  9
1 3  7
1 6  8
3 3  8
7 7  8
1 5  5
8 2  7
3 8  2
1 2  0
1 8  5
2 8  7
0 6  5
2 3  7
3 8  5
3 2  8
8 0  8
1 7  4
0 7  1
5 8  9
4 2  4
6 8  8
8 5  8
1 4  4
6 4  5
5 1  8
5 7  4
6 7  6
2 2  9
3 9  1
2 6  4
8 7  2
9 7  8
6 3  8
9 2  8
5 0  2
9 4  4
0 6  6
9 7  3
0 2  0
6 3  9
0 2  8
4 1  3
6 8  6
3 2  9
0 7  4
6 2  7
6 6  5
1 0  6
3 3  6
8 5  5
0 3  4
0 3  4
7 3  4
4 4  8
6 9  5
2 6  6
6 4  3
2 5  9
7 1  8
7 5  6
1 7  9
8 3  7
0 2  5
3 0  8
9 1  6
2 1  1
3 3  0
2 5  1
4 3  4
6 1  3
1 7  4
6 6  0
6 0  8
6 4  0
3 5  4
5 0  3
2 5  2
5 3  8
0 6  4
3 2  2
6 6  3
7 1  4
7 6  1
6 0  3
6 7  3
5 8  6
3 9  2
1 2  8
7 9  8
0 1  4
0 7  8
6 9  1
9 3  4
0 3  9
8 2  1
0 7  5
6 0  5
6 2  3
7 7  9
7 9  6
0 9  9
7 8  6
6 2  8
6 6  4
3 5  8
8 8  0
3 6  8
4 0  6
7 1  2
4 6  9
1 1  9
8 5  0
3 8  8
9 1  3
0 7  5
4 2  6
1 5  2
4 1  0
9 1  9
5 5  3
6 2  9
0 0  2
7 6  3
1 2  8
8 6  2
1 6  4
2 1  8
5 4  6
7 5  6
0 7  0
1 2  0
0 0  2
1 4  6
2 6  6
6 3  2
9 6  5
4 9  4
4 1  5
9 2  5
6 5  6
5 0  2
6 8  2
9 8  2
4 9  7
0 6  2
1 9  7
2 2  5
0 4  7
9 0  8
8 7  2
5 2  6
5 3  5
4 4  2
0 4  1
9 8  5
0 7  2
5 6  8
7 1  6
2 2  4
6 3  6
9 0  1
1 0  6
7 7  8
7 6  7
6 5  8
2 0  5
8 5  6
9 9  9
2 8  1
2 9  0
9 0  2
2 9  7
9 9  9
2 5  1
2 7  3
7 5  5
8 7  4
6 1  8
4 4  0
1 0  3
0 9  6
4 8  7
5 6  7
8 8  2
8 5  8
5 5  7
6 0  6
9 5  8
4 9  3
6 5  2
7 5  7
8 0  2
6 2  1
2 2  4
2 1  3
8 0  0
1 9  6
8 0  9
4 2  8
2 4  2
9 6  1
6 3  3
1 4  4
2 7  8
5 3  8
1 2  8
1 5  7
2 7  1
1 6  3
2 8  3
7 3  2
6 6  6
8 1  2
1 4  4
0 1  2
8 2  4
7 6  3
0 5  1
2 6  2
2 3  9
6 8  9
6 6  6
6 7  2
1 4  5
0 9  6
4 1  3
1 0  8
9 6  2
8 6  4
7 5  8
2 9  2
5 4  5
9 3  0
9 1  9
3 1  2
6 3  4
6 2  6
6 1  9
9 2  3
1 0  7
7 5  9
9 3  6
3 4  5
1 9  4
6 2  7
6 7  0
2 3  0
2 7  7
8 5  4
1 3  0
6 3  6
6 6  6
0 2  3
0 9  7
1 1  1
1 3  1
9 1  5
2 2  0
7 1  0
4 4  2
4 2  7
6 9  4
1 3  6
4 5  7
9 5  9
3 8  5
5 9  7
6 8  5
1 7  7
0 0  0
9 4  6
4 1  4
3 5  5
6 3  3
6 1  9
0 7  1
0 2  2
6 3  4
7 7  3
7 6  6
8 8  0
5 5  5
9 6  5
0 6  2
1 3  6
4 5  1
0 2  8
3 2  8
5 5  2
9 7  1
2 4  8
7 6  9
0 1  0
3 1  0
9 9  4
1 4  8
5 3  1
4 9  3
0 9  0
8 7  4
7 5  9
0 2  0
0 2  3
4 0  1
6 0  2
0 7  4
0 7  4
7 9  2
7 0  3
3 9  6
4 4  9
3 9  9
2 7  9
2 9  2
2 6  6
4 3  8
3 8  7
3 5  3
8 8  7
1 4  0
0 5  9
7 3  8
9 0  5
0 9  8
4 9  2
5 4  4
5 9  2
3 4  3
2 3  2
3 9  5
4 9  8
0 9  4
7 4  4
5 5  9
6 2  6
7 6  0
3 2  9
0 8  8
6 3  6
8 1  2
8 5  4
4 6  9
3 3  0
6 7  6
9 6  5
3 9  8
7 5  3
8 0  5
9 6  9
1 0  3
5 1  3
2 2  0
2 8  5
9 1  9
9 4  9
4 3  9
2 4  2
8 8  6
1 9  3
4 4  8
7 1  9
4 9  2
7 0  2
3 1  1
8 2  6
9 7  0
1 7  5
3 8  9
1 6  2
0 0  6
8 6  8
3 0  7
9 1  7
4 0  7
2 2  7
9 4  1
9 4  3
7 1  8
1 4  8
0 3  7
8 3  1
9 6  8
4 3  0
1 1  5
9 8  3
4 5  8
1 6  6
3 8  0
3 7  8
4 7  6
0 5  5
3 2  8
4 2  2
5 2  7
7 7  2
7 8  7
6 9  5
9 6  7
5 0  6
4 5  0
8 9  7
6 3  8
9 0  4
3 5  1
2 1  4
6 8  5
5 9  4
4 4  8
4 7  3
0 9  7
9 4  5
6 9  5
8 4  6
5 4  8
6 4  4
8 6  9
5 7  8
7 6  0
4 4  4
8 5  9
8 7  5
9 5  7
1 3  8
1 9  6
5 1  8
8 4  1
0 9  7
6 6  4
9 8  6
7 5  3
8 0  0
3 5  6
7 0  7
2 5  6
0 1  9
4 1  4
0 8  6
1 8  5
7 2  2
2 5  8
0 0  1
7 4  8
0 1  9
3 3  6
1 1  4
8 1  4
8 4  7
8 7  1
4 0  5
0 9  5
0 3  4
4 7  2
8 0  7
0 1  9
7 9  1
1 5  3
6 5  8
5 2  4
9 4  2
7 7  3
2 6  0
8 4  1
6 4  1
4 6  4
3 0  5
8 4  4
7 5  9
2 9  1
2 8  2
2 8  8
5 0  8
4 6  7
9 6  3
0 8  8
6 0  3
8 2  5
3 2  3
1 0  3
3 8  4
0 0  5
1 6  6
2 3  0
7 3  5
5 0  9
0 0  8
4 5  8
1 9  7
8 5  7
0 3  9
4 1  6
5 3  5
9 9  5
3 0  4
7 1  5
9 0  5
1 6  1
6 5  3
0 0  4
9 5  5
4 9  9
7 7  3
7 8  7
1 8  9
4 5  0
7 4  1
8 5  5
2 4  7
1 0  1
5 1  9
0 5  1
9 2  6
5 5  6
6 3  1
6 4  1
6 8  2
1 3  6
3 5  3
5 7  7
4 9  0
5 3  7
5 8  3
5 2  6
6 6  3
9 2  4
5 3  0
7 9  3
4 7  9
4 5  0
9 0  4
1 1  3
6 7  0
2 1  1
7 0  6
1 5  2
7 5  3
8 8  5
9 9  3
6 6  6
0 6  6
7 4  4
4 9  0
0 5  2
8 9  6
1 7  3
6 3  7
4 7  1
8 5  6
0 3  7
5 4  4
8 3  7
0 3  3
5 5  5
8 8  5
0 7  0
8 6  5
4 3  7
8 5  9
5 6  9
7 6  0
1 7  1
1 9  5
4 5  9
3 5  4
7 5  3
5 6  8
5 0  8
8 1  2
9 3  3
1 7  1
7 7  0
1 4  5
7 1  5
3 5  1
7 5  5
6 5  8
0 5  2
8 5  5
5 6  8
7 2  4
5 4  6
1 5  8
1 8  7
0 8  4
6 6  2
7 3  6
3 9  9
2 6  2
4 1  9
7 9  1
1 2  6
3 3  2
7 5  2
2 7  4
2 0  9
3 5  8
5 3  6
2 6  1
4 5  6
9 1  9
4 4  6
8 7  8
5 9  1
7 8  3
9 0  2
8 2  0
3 7  6
5 9  7
0 8  3
2 6  2
9 7  4
9 3  5
6 6  0
8 3  6
1 4  8
0 7  8
8 5  2
0 2  2
6 8  0
2 2  6
4 7  8
3 0  3
1 7  3
2 2  9
0 5  0
4 2  1
1 2  5
5 1  0
4 8  2
3 5  5
4 6  7
2 8  9
6 4  9
8 9  5
3 9  9
4 5  3
0 8  6
6 1  1
8 5  1
6 8  2
5 3  6
8 8  1
3 2  9
3 4  6
4 7  0
7 6  3
4 9  4
8 5  1
2 0  4
1 8  9
1 1  3
9 1  0
6 2  6
6 3  7
6 7  7
7 6  0
9 7  9
8 8  7
8 7  4
3 8  1
6 1  6
1 1  3
1 3  2
0 2  7
7 2  3
0 6  1
4 2  4
1 5  8
0 0  2
2 9  5
8 7  4
2 9  3
5 1  6
6 2  3
6 1  8
4 7  9
9 1  3
6 8  2
5 8  4
9 5  3
6 3  0
6 4  0
0 4  9
3 8  4
3 7  9
3 0  6
1 0  9
0 6  0
2 7  0
0 8  0
9 0  3
1 2  8
0 3  5
3 8  5
3 3  9
4 4  5
6 7  0
4 0  1
7 0  0
7 7  5
2 7  6
7 6  9
9 5  5
3 6  6
7 6  0
3 0  7
7 4  7
9 0  7
4 6  4
6 4  3
2 1  0
3 4  9
0 7  3
9 7  0
9 9  4
1 1  7
4 7  0
2 0  1
0 4  3
0 7  0
7 7  2
0 9  0
9 3  3
6 7  4
6 0  4
0 2  9
9 0  5
1 0  2
3 2  6
2 5  8
8 3  8
7 9  1
1 0  8
6 7  9
8 2  3
5 6  0
9 2  2
9 6  9
0 3  8
2 5  4
5 9  9
0 8  5
0 2  2
2 1  3
8 9  7
6 8  4
0 1  5
7 3  4
1 5  0
1 2  8
4 9  2
1 5  4
3 2  5
2 1  1
5 5  2
0 9  6
4 8  3
7 4  6
7 4  2
0 7  5
4 4  5
7 5  6
3 9  7
4 0  8
2 8  6
0 2  1
5 3  9
9 8  0
3 3  1
2 8  4
0 2  2
9 8  4
7 8  8
4 8  6
5 5  9
6 4  8
7 5  2
8 0  9
4 2  7
9 1  5
3 1  4
4 5  1
9 1  0
4 7  9
7 6  4
1 8  1
0 5  9
2 3  5
9 0  9
6 2  3
2 5  9
8 9  7
7 0  5
1 8  0
8 4  5
7 0  4
8 4  7
0 2  3
5 9  5
2 9  2
3 4  7
4 6  9
7 9  8
5 9  2
3 9  8
6 1  3
7 9  6
6 6  6
2 8  8
2 4  5
1 0  0
1 9  6
2 5  5
0 7  3
1 7  2
4 2  1
4 1  6
9 8  4
1 6  3
3 6  5
7 4  5
4 7  2
6 9  3
5 4  9
7 2  7
6 2  4
5 9  7
5 7  7
7 5  1
7 6  9
4 4  8
4 6  4
2 2  6
4 2  5
9 2  5
7 7  6
8 0  7
9 9  4
5 8  0
6 7  0
5 4  8
3 4  3
3 3  3
2 5  3
2 8  1
6 1  3
3 5  1
7 5  1
4 6  6
6 3  3
1 9  2
6 7  8
3 6  5
5 9  5
6 6  3
6 0  9
0 0  9
0 5  2
7 1  5
0 2  9
2 7  1
9 4  7
2 3  4
4 2  1
0 8  9
0 0  0
1 5  2
0 2  0
4 7  5
3 3  7
7 6  6
9 1  3
6 7  1
7 6  6
0 8  6
1 8  6
5 2  2
8 9  5
5 8  6
3 8  1
4 8  3
1 3  4
2 3  3
6 5  1
9 7  8
6 3  2
0 3  7
1 4  1
2 1  9
0 6  4
5 0  4
5 5  0
4 5  0
1 9  3
7 4  9
0 1  9
0 2  8
3 8  6
4 2  1
2 0  8
1 9  3
9 7  0
9 5  8
1 6  9
9 1  9
9 8  6
8 4  5
8 3  1
6 7  8
2 1  6
6 9  7
8 8  8
2 8  2
7 0  9
5 9  4
0 7  0
2 2  8
0 2  3
1 7  8
2 0  9
3 6  3
9 4  9
9 8  2
7 3  0
3 0  5
9 3  0
9 6  3
9 1  8
5 7  7
7 3  0
8 1  3
4 5  8
0 1  1
3 9  3
4 3  8
9 1  3
3 2  6
4 5  2
4 9  5
7 8  2
8 8  9
6 1  2
8 4  8
0 9  2
9 6  2
1 3  4
6 3  9
1 7  0
4 3  9
8 3  8
3 3  3
2 9  6
9 0  4
9 3  4
6 8  5
4 1  7
7 6  2
6 2  9
4 4  8
6 8  1
7 7  7
4 3  7
7 2  5
3 3  7
4 8  1
6 1  1
4 6  1
0 7  1
1 0  6
0 3  0
4 7  0
7 3  2
6 7  0
4 5  9
4 9  0
7 9  2
1 1  7
1 9  2
4 7  5
7 4  2
4 9  1
6 4  1
9 6  5
6 5  0
9 6  6
5 6  4
8 7  6
7 7  7
6 4  8
6 2  6
5 2  0
6 2  9
4 5  7
3 2  8
3 9  5
0 4  5
2 7  5
5 3  7
4 9  2
3 5  1
3 5  9
7 0  9
3 5  3
5 5  1
5 4  2
5 4  8
5 8  9
5 7  0
9 6  9
0 0  4
4 3  3
9 4  6
5 5  4
6 3  8
8 3  5
7 4  3
6 2  0
6 9  3
5 2  8
8 1  0
3 7  4
5 8  3
1 0  5
6 9  1
6 6  4
2 1  9
4 6  3
3 5  6
3 9  9
9 6  2
8 5  7
3 5  3
2 1  5
4 3  9
7 6  5
4 7  7
9 9  4
4 0  7
6 7  9
3 0  3
0 5  6
1 6  8
6 0  5
6 6  3
8 9  0
1 2  5
8 8  0
1 5  9
6 6  5
4 0  2
4 7  4
0 3  7
6 5  0
8 7  6
4 6  1
1 0  7
6 2  3
4 5  0
6 3  6
2 0  9
7 1  2
8 7  0
3 8  4
4 1  0
8 0  2
1 2  3
7 7  6
0 8  8
8 7  4
3 8  7
0 0  1
4 7  2
1 4  5
4 4  2
7 7  7
8 9  4
2 8  5
9 2  1
4 4  0
4 3  9
4 7  5
1 2  9
8 8  2
0 4  4
1 4  2
3 5  5
4 8  2
3 5  6
4 6  0
1 0  9
8 9  8
5 0  8
3 7  8
7 2  9
0 7  8
3 5  1
8 8  5
3 5  3
8 1  4
0 0  8
7 2  6
7 9  0
8 8  4
5 9  9
4 9  0
0 2  5
4 6  8
5 7  0
6 0  5
5 7  7
0 0  8
7 4  6
2 7  0
6 9  5
3 9  1
9 4  6
0 6  2
0 6  2
0 7  3
2 7  9
3 4  8
5 7  9
8 4  2
3 7  3
2 7  8
9 4  7
7 9  0
5 1  3
1 7  0
0 5  3
8 9  8
1 3  6
8 1  8
9 4  5
6 5  7
6 7  0
7 7  3
0 1  8
8 7  3
8 5  5
3 5  4
1 2  1
8 2  2
9 8  2
2 3  9
7 2  5
8 4  2
8 5  0
9 9  8
6 0  9
2 4  9
8 4  2
3 6  3
3 4  4
5 6  3
2 5  7
4 4  8
8 7  8
1 4  0
9 3  5
4 8  1
6 2  7
7 0  5
3 0  7
1 7  9
8 6  6
9 3  2
2 0  8
2 9  8
5 9  6
1 7  4
5 8  8
7 2  7
1 3  3
6 4  7
1 1  7
7 9  3
1 0  8
4 4  1
5 9  3
3 2  4
9 6  7
5 2  4
0 6  1
8 8  1
0 9  9
5 9  1
2 0  0
5 1  8
6 5  6
2 2  1
4 3  0
9 7  6
2 5  0
4 9  0
3 9  1
1 6  2
5 9  3
0 2  1
7 1  7
4 7  3
0 0  4
3 9  1
1 1  4
8 3  9
9 2  3
1 6  2
0 5  9
0 9  9
4 8  8
4 2  0
0 5  3
9 7  7
2 7  6
8 6  1
6 3  0
1 3  1
5 8  7
9 3  8
7 6  4
3 0  1
2 3  1
5 2  0
0 0  3
9 3  8
0 8  1
5 6  1
4 5  4
9 6  4
4 8  9
0 5  7
2 0  9
4 5  5
4 2  2
5 2  1
5 5  9
0 5  5
8 9  8
9 3  4
0 4  8
5 0  9
8 3  1
7 4  4
1 2  4
8 7  3
0 4  4
7 4  3
4 7  7
9 9  3
0 2  1
1 2  2
8 6  0
4 7  1
6 8  4
0 8  0
6 7  9
5 2  5
8 0  3
4 5  4
8 5  8
0 7  7
7 2  3
5 1  9
7 8  0
5 4  8
1 0  2
9 2  4
5 7  8
5 9  5
5 7  3
3 0  9
8 3  5
1 5  9
3 8  9
0 9  5
7 7  0
5 2  1
1 6  9
9 3  7
3 3  5
9 4  8
9 0  5
0 0  9
5 5  4
2 4  5
1 0  8
4 6  0
8 9  0
0 5  2
0 0  8
5 0  0
5 5  7
6 0  9
7 2  9
0 1  1
8 9  9
8 8  3
1 6  5
9 0  5
1 2  5
6 1  8
7 0  6
8 1  6
3 7  7
8 0  1
3 9  3
0 0  9
2 1  9
7 5  2
5 7  2
8 4  8
3 5  5
7 2  7
5 2  5
1 4  7
1 1  5
8 3  6
6 5  4
0 0  2
2 6  0
0 8  9
3 3  1
1 3  1
4 5  7
6 1  9
6 3  8
2 0  6
4 1  9
7 9  2
8 4  5
3 6  5
5 2  1
9 8  9
2 5  8
4 9  6
9 2  9
9 4  9
6 3  6
6 3  7
1 9  5
7 4  0
6 4  8
2 8  2
0 5  6
9 4  9
0 4  8
7 6  2
5 5  2
7 2  0
7 3  6
6 8  5
5 8  7
6 0  5
4 0  2
8 9  8
3 9  5
6 3  8
2 9  2
5 7  6
6 6  3
3 9  1
8 8  8
2 7  4
4 8  9
9 2  3
6 2  2
2 8  3
7 4  6
7 2  0
5 1  9
7 1  4
2 4  7
1 6  0
1 2  5
2 0  3
3 9  4
4 4  7
5 3  7
8 9  5
1 3  6
7 5  4
2 0  0
5 4  7
9 5  7
5 2  6
3 2  6
8 7  0
9 8  1
3 6  7
1 1  3
5 3  3
9 2  5
5 7  6
6 0  8
9 2  3
3 1  1
2 5  7
6 1  5
2 8  2
9 2  4
9 1  6
9 3  1
5 9  0
2 8  9
7 0  5
6 8  8
1 8  1
9 2  7
7 5  8
4 9  2
7 1  5
2 0  9
6 7  4
4 9  8
1 2  0
8 9  6
7 3  6
9 3  5
3 4  7
9 6  0
6 2  8
7 6  6
1 6  6
2 0  1
5 8  6
2 9  0
6 1  4
2 2  5
8 5  3
1 4  8
2 1  7
5 8  3
3 7  8
1 5  2
7 2  2
2 1  1
5 4  2
5 4  4
7 0  3
2 4  4
4 5  3
8 8  6
3 7  7
5 9  7
1 7  3
9 0  1
7 9  9
5 0  0
3 4  1
9 3  8
1 4  9
0 5  2
5 6  4
7 6  4
4 8  1
1 9  4
9 7  2
2 0  6
1 2  0
4 4  0
1 2  4
4 3  5
5 6  2
6 0  0
7 2  1
5 6  5
5 1  0
1 1  6
9 5  5
1 9  7
1 9  3
1 1  1
0 3  0
3 5  1
8 4  8
7 9  1
7 5  1
6 5  4
1 8  3
5 3  5
7 3  0
2 9  1
3 6  2
2 8  5
8 3  0
5 9  4
2 5  5
0 6  7
5 4  2
1 5  0
8 8  9
1 2  9
9 8  4
6 8  6
8 1  2
3 9  5
7 3  1
3 1  0
0 3  9
2 0  0
5 7  4
2 1  1
7 4  6
0 2  3
1 8  0
4 5  9
1 8  8
5 0  9
5 4  0
0 9  3
2 2  6
5 5  5
7 7  4
4 8  0
0 5  0
7 3  4
9 1  2
2 7  2
1 4  4
0 3  9
4 7  1
1 3  8
6 8  0
9 4  1
8 5  8
1 6  2
1 7  4
9 7  0
3 5  6
6 6  5
0 4  9
7 5  2
7 0  3
5 0  7
8 1  2
6 3  2
6 0  8
6 7  5
0 1  5
3 3  7
4 4  2
7 2  4
2 1  9
8 2  3
2 7  5
8 6  9
5 5  2
3 5  4
4 4  3
9 0  7
2 3  4
0 9  3
4 7  9
3 2  8
4 3  0
8 1  1
4 8  4
3 1  5
5 4  8
6 2  0
1 3  5
5 2  1
9 7  0
2 3  8
7 3  7
0 4  9
8 4  0
1 8  1
1 9  4
9 8  0
4 2  0
8 7  9
4 9  1
4 8  2
3 3  1
4 0  1
0 6  4
3 6  7
9 5  6
6 4  4
2 8  7
0 1  1
3 0  3
0 8  3
8 8  4
4 7  3
7 2  9
3 2  9
3 1  3
5 2  6
2 0  6
7 3  1
6 7  6
9 5  9
0 7  0
4 5  0
7 1  2
0 7  6
3 3  8
5 3  5
3 7  9
7 0  4
4 2  6
1 1  2
6 0  9
1 6  4
9 1  4
4 8  3
3 2  4
8 0  7
3 6  7
7 9  7
8 3  8
1 4  6
8 5  1
6 2  9
3 3  2
7 4  2
5 0  2
5 7  8
0 1  3
2 5  8
1 3  9
3 5  9
0 9  8
5 6  5
1 0  4
7 4  6
5 7  0
1 0  9
8 5  4
1 3  4
3 7  2
1 0  1
9 3  8
7 8  4
9 2  0
8 9  2
3 3  3
4 6  1
5 6  5
9 9  4
2 6  1
7 0  9
3 2  5
0 8  3
2 2  9
1 1  5
0 6  9
0 0  5
7 1  3
3 3  5
7 4  2
7 7  0
1 6  3
6 1  7
7 6  5
5 8  6
9 0  8
0 1  6
5 4  3
1 6  6
6 8  1
0 4  2
0 7  2
7 1  2
6 2  0
2 9  0
3 4  3
6 6  4
0 9  2
2 0  1
7 7  7
7 7  2
3 1  3
1 8  8
3 6  9
1 0  7
1 3  2
3 4  1
9 3  1
0 4  6
7 3  8
2 2  0
4 7  0
1 1  3
6 1  1
2 1  8
6 4  0
8 6  9
0 5  1
7 7  3
9 7  5
6 0  5
0 1  9
3 9  8
2 7  6
5 1  8
4 0  6
4 2  4
6 5  4
8 9  5
0 7  7
5 1  3
0 5  0
2 3  7
1 7  4
2 7  6
2 1  6
0 4  2
6 4  5
7 4  2
0 9  0
1 4  0
7 7  7
4 2  6
1 0  7
8 4  5
2 3  7
0 5  4
9 2  4
6 9  0
6 8  8
0 4  3
2 7  4
3 0  0
2 6  8
4 4  0
2 0  6
3 0  8
9 3  8
9 5  7
1 9  1
3 4  1
5 8  8
7 7  5
7 5  9
5 1  7
4 9  5
1 4  2
9 0  8
2 8  6
5 7  1
3 4  2
4 9  3
8 3  9
5 7  2
7 0  0
5 0  5
2 6  8
7 1  7
4 7  5
1 0  8
4 4  4
3 6  6
9 6  8
9 5  5
5 9  2
8 4  4
0 2  1
3 8  1
8 8  4
4 2  6
8 7  1
3 2  7
0 4  4
7 5  4
4 7  0
3 4  1
8 0  8
7 7  7
0 2  4
0 4  5
1 8  0
4 6  8
2 9  9
7 5  8
0 9  6
2 6  3
7 7  6
0 3  3
1 9  3
2 0  3
3 5  9
3 3  5
7 4  7
9 5  0
6 6  7
1 5  5
9 2  0
2 6  6
9 7  6
4 8  5
5 4  3
0 9  0
2 8  1
4 1  9
3 9  4
9 2  6
6 6  4
9 4  6
7 2  7
7 4  2
5 7  1
3 8  0
2 2  9
2 0  5
6 2  7
6 6  9
2 4  8
5 7  5
1 8  8
4 7  0
2 1  7
2 8  3
7 4  8
0 6  6
1 6  7
3 2  3
0 7  1
8 9  0
1 6  8
6 4  3
6 0  0
6 4  8
4 5  6
6 6  4
2 3  6
7 7  9
1 3  0
5 7  5
1 4  3
8 3  3
1 0  1
2 4  0
7 1  5
0 3  9
4 9  2
2 2  4
4 0  3
2 4  7
3 1  6
4 9  1
9 9  7
0 0  6
6 4  8
0 4  1
0 2  1
7 8  8
9 6  3
9 1  5
3 7  9
9 0  6
6 4  2
4 4  5
2 8  7
5 4  4
2 3  9
5 4  1
9 9  6
9 4  0
6 8  1
7 1  6
7 2  7
3 0  0
4 4  6
0 5  7
2 8  6
5 5  1
1 9  3
1 4  5
9 5  4
8 7  6
2 1  8
6 4  0
4 2  4
8 0  6
7 6  7
3 7  0
6 4  3
7 8  2
6 0  1
0 6  4
0 3  3
5 3  9
2 6  6
6 5  3
7 6  1
7 3  5
1 6  9
4 8  3
0 2  9
5 6  7
6 8  2
7 0  9
0 9  2
4 5  4
0 6  9
7 8  5
6 0  3
6 1  6
4 3  5
5 8  1
9 7  0
9 2  7
4 4  0
7 2  4
2 2  3
9 2  8
7 6  2
3 4  8
3 6  1
4 6  1
1 1  5
0 1  9
4 0  6
9 8  4
5 2  5
4 8  4
2 8  3
4 1  7
4 3  8
8 5  3
7 0  7
0 6  0
9 1  4
3 1  7
2 5  9
2 2  8
4 9  8
6 0  1
9 1  6
3 6  3
3 7  8
2 1  7
1 4  9
9 5  3
7 8  4
4 7  3
2 8  4
8 2  9
8 1  6
7 2  2
5 4  5
6 7  8
7 3  7
2 6  1
6 8  3
1 2  0
5 5  6
5 2  6
0 3  6
1 6  0
6 7  7
8 1  1
5 7  3
2 7  7
8 1  4
0 4  9
0 3  6
2 2  6
9 4  0
8 5  7
8 9  9
3 8  9
0 9  7
0 2  8
6 0  0
1 0  3
0 8  0
0 8  4
8 4  0
3 2  1
6 9  6
0 1  7
4 0  5
2 2  2
6 7  8
1 7  1
0 7  4
8 0  0
7 8  9
4 3  3
0 4  1
8 8  4
3 2  1
2 3  6
4 9  1
1 5  2
8 7  4
0 2  4
8 8  1
5 5  1
7 3  3
5 7  6
0 2  7
0 3  9
9 7  0
2 0  8
1 8  1
3 8  4
3 6  5
8 4  2
1 7  8
9 6  2
7 5  2
2 0  4
7 8  0
4 7  2
3 6  3
8 3  3
6 1  4
9 6  6
4 4  9
0 3  9
6 6  6
7 5  7
0 1  4
4 9  9
2 7  3
5 7  7
1 0  5
3 5  4
4 0  2
4 9  9
1 0  9
0 8  1
1 7  6
8 7  6
1 7  5
1 0  0
6 0  8
8 0  6
8 6  7
5 8  3
3 7  3
8 7  5
0 7  2
8 6  0
6 1  0
4 8  7
5 7  9
4 8  7
7 9  0
0 5  5
0 1  0
2 7  9
8 7  3
5 0  1
9 2  8
4 8  5
5 0  0
8 8  7
6 0  2
7 0  6
3 5  9
8 2  4
4 8  6
9 5  2
5 4  9
6 5  7
8 5  5
4 5  4
3 5  8
0 7  5
8 6  3
0 7  3
3 7  7
4 0  1
3 3  2
0 6  2
3 6  4
0 7  1
0 3  7
0 6  8
5 1  0
6 5  7
3 0  0
2 8  5
0 7  5
4 7  2
2 6  0
0 0  5
4 3  2
6 4  4
5 5  3
7 3  2
8 0  1
9 4  1
4 0  7
6 8  6
0 2  9
2 4  8
7 9  2
5 0  7
7 2  4
1 0  0
1 6  7
0 5  2
4 0  6
4 0  5
8 7  5
9 8  9
3 8  3
4 1  0
5 8  6
4 9  5
0 2  8
7 4  1
6 3  3
6 2  9
8 5  9
7 7  1
2 4  9
1 4  1
2 6  7
3 4  8
1 1  1
4 3  6
2 5  3
7 6  4
2 3  7
8 4  9
0 1  9
3 7  5
1 9  8
2 6  0
2 3  4
9 7  8
6 7  8
5 2  0
3 3  3
5 8  3
5 5  1
6 5  6
5 6  7
9 6  5
3 0  9
7 2  4
0 4  5
5 0  5
8 0  4
0 0  2
5 9  1
0 2  5
7 4  4
7 1  9
4 8  1
8 3  2
9 8  6
9 2  1
6 8  8
4 5  2
7 5  1
9 3  8
6 9  9
3 9  1
7 9  4
8 8  2
9 0  4
0 0  3
0 7  0
1 2  6
2 6  3
1 0  7
2 3  0
7 5  5
7 8  2
4 7  0
4 2  9
9 8  8
0 3  3
4 6  3
0 4  4
